186 830 661 626 469 703 32 251
969
149
940
70
393
451
980
711
559
772
139
17
269
34
28
976
434
432
426
590
903
811
590
299
926
748
783
605
490
183
642
185
151
357
103
445
444
167
218
770
409
152
816
838
632
780
259
529
991
1000
308
226
342
307
155
206
386
736
914
848
41
445
469
561
605
116
891
300
931
51
433
463
343
814
407
316
421
702
379
83
935
966
432
495
787
997
315
108
517
220
989
770
809
579
345
154
961
269
587
165
748
679
919
789
861
866
563
35
855
879
132
578
59
587
844
981
972
137
334
922
636
1
52
247
129
303
557
556
170
666
32
470
456
250
807
833
662
870
494
219
44
537
306
932
985
596
853
771
230
1
934
790
74
368
110
85
448
299
4
631
282
532
412
561
732
63
277
308
611
726
593
630
15
526
491
747
459
655
147
833
338
864
699
634
832
982
369
309
796
388
706
763
356
617
313
881
253
552
327
146
906
723
182
747
269
868
132
373
217
782
918
842
497
486
558
914
472
306
231
772
390
627
616
27
209
690
275
950
673
462
198
312
351
670
749
527
593
423
542
47
948
272
137
973
470
230
783
180
66
578
810
876
934
769
516
104
558
565
661
522
157
300
189
510
944
22
447
848
169
146
693
967
301
614
126
934
461
432
412
340
422
802
570
388
822
672
66
169
277
434
82
808
230
390
354
855
598
698
77
500
548
466
38
876
806
738
478
650
797
502
485
747
587
277
480
381
686
381
102
77
501
520
272
163
958
188
391
444
848
694
62
66
945
432
729
837
638
476
276
305
285
55
959
831
863
181
70
538
652
180
538
566
232
348
100
582
891
628
112
378
79
867
650
153
481
937
705
848
98
319
511
231
134
49
995
694
157
881
619
955
132
781
640
544
410
546
851
934
958
145
43
55
888
122
766
909
637
114
423
600
112
945
182
954
248
602
953
277
601
566
730
442
477
481
111
377
568
584
709
858
719
221
55
222
506
141
705
486
293
769
500
390
517
512
61
990
53
500
531
412
95
711
94
326
487
574
728
999
784
666
122
873
759
902
222
226
839
585
305
666
188
957
235
45
77
552
785
229
163
363
486
467
671
324
628
289
869
978
568
566
805
791
707
559
471
790
426
719
991
609
105
587
